40920 8.32698 0.953952 largeDoses
14488 7.15347 1.6739 smallDoses
26052 1.44187 0.805124 didntLike
75136 13.1474 0.428964 didntLike
38344 1.66979 0.134296 didntLike
72993 10.1417 1.03296 didntLike
35948 6.83079 1.21319 largeDoses
42666 13.2764 0.54388 largeDoses
67497 8.63158 0.749278 didntLike
35483 12.2732 1.50805 largeDoses
50242 3.7235 0.831917 didntLike
63275 8.38588 1.66949 didntLike
5569 4.87544 0.728658 smallDoses
51052 4.6801 0.625224 didntLike
77372 15.2996 0.331351 didntLike
43673 1.88946 0.191283 didntLike
61364 7.51675 1.26916 didntLike
69673 14.2392 0.261333 didntLike
15669 0 1.25019 smallDoses
28488 10.5286 1.30484 largeDoses
6487 3.54027 0.822483 smallDoses
37708 2.99155 0.83392 didntLike
22620 5.29786 0.638306 smallDoses
28782 6.5938 0.187108 largeDoses
19739 2.81676 1.68621 smallDoses
36788 12.4583 0.649617 largeDoses
5741 0 1.65642 smallDoses
28567 9.96865 0.731232 largeDoses
6808 1.36484 0.640103 smallDoses
41611 0.230453 1.152 didntLike
36661 11.8654 0.88281 largeDoses
43605 0.12046 1.35201 didntLike
15360 8.5452 1.34043 largeDoses
63796 5.85665 0.160006 didntLike
10743 9.66562 0.778626 smallDoses
70808 9.77876 1.0841 didntLike
72011 4.93298 0.632026 didntLike
5914 2.21625 0.587095 smallDoses
14851 14.3056 0.632317 largeDoses
33553 12.5919 0.686581 largeDoses
44952 3.42465 1.0045 didntLike
17934 0 0.147573 smallDoses
27738 8.53382 0.205324 largeDoses
29290 9.82953 0.23862 largeDoses
42330 11.4922 0.263499 largeDoses
36429 3.57097 0.832254 didntLike
39623 1.77123 0.207612 didntLike
32404 3.51392 0.991854 didntLike
27268 4.39817 0.975024 didntLike
5477 4.27682 1.17487 smallDoses
14254 5.94601 1.61424 smallDoses
68613 13.799 0.724375 didntLike
41539 10.3936 1.66372 largeDoses
7917 3.00758 0.297302 smallDoses
21331 1.03194 0.486174 smallDoses
8338 4.75121 0.064693 smallDoses
5176 3.69227 1.65511 smallDoses
18983 10.4481 0.267652 largeDoses
68837 10.5858 0.329557 didntLike
13438 1.6045 0.069064 smallDoses
48849 3.6795 0.961466 didntLike
12285 3.79515 0.696694 smallDoses
7826 2.53188 1.65917 smallDoses
5565 9.73334 0.977746 smallDoses
10346 6.09307 1.4138 smallDoses
1823 7.71296 1.05493 smallDoses
9744 11.4704 0.760461 largeDoses
16857 2.88653 0.934416 smallDoses
39336 10.0544 1.13835 largeDoses
65230 9.97247 0.881876 didntLike
2463 2.33579 1.36614 smallDoses
27353 11.3752 1.52863 largeDoses
16191 0 0.605619 smallDoses
12258 4.12679 0.357501 smallDoses
42377 6.31952 1.0586 didntLike
25607 8.68053 0.086955 largeDoses
77450 14.8564 1.12982 didntLike
58732 2.45429 0.22238 didntLike
46426 7.2922 0.548607 largeDoses
32688 8.74514 0.857348 largeDoses
64890 8.579 0.683048 didntLike
8554 2.5073 0.869177 smallDoses
28861 11.4155 1.50547 largeDoses
42050 4.83854 1.68089 didntLike
32193 10.3395 0.583646 largeDoses
64895 6.57374 1.15143 didntLike
2355 6.5394 0.462065 smallDoses
0 2.20916 0.723567 smallDoses
70406 11.1964 0.836326 didntLike
57399 4.22959 0.128253 didntLike
41732 9.50594 0.005273 largeDoses
11429 8.65273 1.34893 largeDoses
75270 17.1011 0.490712 didntLike
5459 7.87184 0.717662 smallDoses
73520 8.26213 1.36165 didntLike
40279 9.01563 1.65856 largeDoses
21540 9.21535 0.806762 largeDoses
17694 6.37501 0.033678 smallDoses
22329 2.26201 1.02217 didntLike
46570 5.67711 0.709469 didntLike
42403 11.293 0.207976 largeDoses
33654 6.59004 1.35312 didntLike
9171 4.71196 0.194167 smallDoses
28122 8.7681 1.10804 largeDoses
34095 11.5025 0.545097 largeDoses
1774 4.68281 0.578112 smallDoses
40131 12.4466 0.300754 largeDoses
13994 12.9084 1.65772 largeDoses
77064 12.6011 0.974527 didntLike
11210 3.92946 0.025466 smallDoses
6122 9.7515 1.18205 largeDoses
15341 3.04377 0.888168 smallDoses
44373 4.39152 0.8071 didntLike
28454 11.6953 0.679015 largeDoses
63771 7.87974 0.154263 didntLike
9217 5.61316 0.933632 smallDoses
69076 9.14017 0.8513 didntLike
24489 4.25864 0.206892 didntLike
16871 6.79983 1.22117 smallDoses
39776 8.75276 0.484418 largeDoses
5901 1.12303 1.18035 smallDoses
40987 10.8332 1.58543 largeDoses
7479 3.05162 0.026781 smallDoses
38768 5.30841 0.030683 largeDoses
4933 1.84179 0.028099 smallDoses
32311 2.26198 1.6056 didntLike
26501 11.5737 1.06135 largeDoses
37433 8.03876 1.08391 largeDoses
23503 10.734 0.103715 largeDoses
68607 9.66191 0.350772 didntLike
27742 9.00585 0.548737 largeDoses
11303 0 0.539131 smallDoses
0 5.75714 1.06237 smallDoses
32729 9.16466 1.62457 largeDoses
24619 1.31834 1.43624 didntLike
42414 14.0756 0.695934 largeDoses
20210 10.1075 1.3084 largeDoses
33225 7.96029 1.21976 largeDoses
54483 6.31729 0.018209 didntLike
18475 12.6642 0.595653 largeDoses
33926 2.90664 0.581657 didntLike
43865 2.38824 0.913938 didntLike
26547 6.02447 0.486215 largeDoses
44404 7.22676 1.25533 largeDoses
16674 4.184 1.27529 smallDoses
8123 11.8502 1.09698 largeDoses
42747 11.6618 1.16793 largeDoses
56054 3.57497 0.494666 didntLike
10933 0 0.107475 smallDoses
18121 7.93766 0.904799 largeDoses
11272 3.36503 1.01408 smallDoses
16297 0 0.367491 smallDoses
28168 13.8607 1.29327 largeDoses
40963 10.3067 1.21159 largeDoses
31685 7.228 0.67067 largeDoses
55164 4.50874 1.03619 didntLike
17595 0.366328 0.163652 smallDoses
1862 3.29944 0.575152 smallDoses
57087 0.573287 0.607915 didntLike
63082 9.18374 0.01228 didntLike
51213 7.84265 1.06064 largeDoses
6487 4.75096 0.55824 smallDoses
4805 11.4387 1.55633 largeDoses
30302 8.24306 1.12277 largeDoses
68680 7.94902 0.271865 didntLike
17591 7.87548 0.227085 smallDoses
74391 9.56909 0.364856 didntLike
37217 7.7501 0.869094 largeDoses
42814 0 1.51529 didntLike
14738 3.39603 0.633977 smallDoses
19896 11.9161 0.025294 largeDoses
14673 0.460758 0.689586 smallDoses
32011 13.0876 0.476002 largeDoses
58736 4.58902 1.6726 didntLike
54744 8.39722 1.5341 didntLike
29482 5.56277 1.68939 didntLike
27698 10.9052 0.619091 largeDoses
11443 1.31144 1.16989 smallDoses
56117 10.6472 0.980141 largeDoses
39514 0 0.481918 didntLike
26627 8.50302 0.830861 largeDoses
16525 0.43688 1.39531 smallDoses
24368 6.12787 1.10218 didntLike
22160 12.1125 0.35968 largeDoses
6030 1.26497 1.14158 smallDoses
6468 6.06757 1.32705 smallDoses
22945 8.01096 1.68165 largeDoses
18520 3.79108 0.304072 smallDoses
34914 11.7732 1.26262 largeDoses
6121 8.33959 1.44336 smallDoses
38063 2.56309 1.46401 didntLike
23410 5.95422 0.953782 didntLike
35073 9.28837 0.767318 largeDoses
52914 3.9768 1.04311 didntLike
16801 8.58523 1.45571 largeDoses
9533 1.27195 0.796506 smallDoses
16721 0 0.242778 smallDoses
5832 0 0.089749 smallDoses
44591 11.5213 0.30086 largeDoses
10143 1.13945 0.415373 smallDoses
21609 5.69909 1.39189 smallDoses
23817 2.44938 1.32256 didntLike
15640 0 1.22838 smallDoses
8847 3.16837 0.053993 smallDoses
50939 10.4286 1.12626 largeDoses
28521 2.94307 1.44682 didntLike
32901 10.4413 0.975283 largeDoses
42850 12.4788 1.62873 largeDoses
13499 5.8569 0.363883 smallDoses
40345 2.47642 0.096075 didntLike
43547 1.82664 0.811457 didntLike
70758 4.32445 0.328235 didntLike
19780 1.37609 1.17836 smallDoses
44484 5.34246 0.394527 didntLike
54462 11.8355 0.693301 largeDoses
20085 12.4237 1.42426 largeDoses
42291 12.1613 0.071131 largeDoses
47550 8.14836 1.64919 largeDoses
11938 1.53107 1.54976 smallDoses
40699 3.20091 0.309679 didntLike
70908 8.86269 0.530506 didntLike
73989 6.37055 0.36935 didntLike
11872 2.46884 0.14506 smallDoses
48463 11.0542 0.141508 largeDoses
15987 2.03708 0.715243 smallDoses
70036 13.364 0.549972 didntLike
32967 10.2491 0.192735 largeDoses
63249 10.4643 1.66977 didntLike
42795 9.42457 0.013725 largeDoses
14459 4.4589 0.268444 smallDoses
19973 0 0.575976 smallDoses
5494 9.68608 1.02981 largeDoses
67902 13.6494 1.05262 didntLike
25621 13.1811 0.273014 largeDoses
27545 3.87747 0.4016 didntLike
58656 1.41395 0.45138 didntLike
7327 4.24899 1.43025 smallDoses
64555 8.77918 0.845947 didntLike
8998 4.15625 0.097109 smallDoses
11752 5.58002 0.158401 smallDoses
76319 15.0404 1.3669 didntLike
27665 12.7939 1.30732 largeDoses
67417 3.25488 0.669546 didntLike
21808 10.7256 0.588588 largeDoses
15326 8.25647 0.765891 smallDoses
20057 8.03389 1.61856 largeDoses
79341 10.7025 0.204792 didntLike
15636 5.063 1.13255 smallDoses
35602 10.7723 0.668721 largeDoses
28544 1.89235 0.837028 didntLike
57663 1.01997 0.37232 didntLike
78727 15.546 0.729742 didntLike
68255 11.6382 0.409125 didntLike
14964 3.42789 0.975616 smallDoses
21835 11.2462 1.47559 largeDoses
7487 0 0.645045 smallDoses
8700 0 1.42402 smallDoses
26226 8.24255 0.279069 largeDoses
65899 8.70006 0.101807 didntLike
6543 0.812344 0.260334 smallDoses
46556 2.44823 1.17683 didntLike
71038 13.2301 0.616147 didntLike
47657 0.236133 0.34084 didntLike
19600 11.1558 0.335131 largeDoses
37422 11.0296 0.505769 largeDoses
1363 2.90118 1.64663 smallDoses
26535 3.92459 1.14312 didntLike
47707 2.52481 1.29285 didntLike
38055 3.52747 1.44916 didntLike
6286 3.38428 0.889268 smallDoses
10747 0 1.10759 smallDoses
44883 11.8989 0.406441 largeDoses
56823 3.52989 1.37584 didntLike
68086 11.4427 0.696919 didntLike
70242 10.3081 0.422722 didntLike
11409 8.54053 0.727373 smallDoses
67671 7.15695 1.69168 didntLike
61238 0.720675 0.847574 didntLike
17774 0.229405 1.0386 smallDoses
53376 3.39933 0.077501 didntLike
30930 6.15724 0.580133 didntLike
28987 1.2397 0.719989 didntLike
13655 6.03685 0.016548 smallDoses
7227 5.25866 0.933722 smallDoses
40409 12.393 1.57128 largeDoses
13605 9.62761 0.935842 smallDoses
26400 11.1305 0.59761 largeDoses
13491 8.84259 0.349768 largeDoses
30232 10.69 1.4566 largeDoses
43253 5.71472 1.67478 largeDoses
55536 3.05251 1.3358 didntLike
8807 0 0.059025 smallDoses
25783 9.94531 1.28795 largeDoses
22812 2.71972 1.14215 didntLike
77826 11.1541 1.60849 didntLike
38172 2.68792 0.660836 didntLike
31676 10.0378 0.962245 largeDoses
74038 12.4048 1.11208 didntLike
44738 10.2373 0.633422 largeDoses
17410 4.74539 0.66252 smallDoses
5688 4.63946 1.56943 smallDoses
36642 3.14931 0.639669 didntLike
29956 13.4069 1.63919 largeDoses
60350 6.06867 0.881241 didntLike
23758 9.47702 0.899002 largeDoses
25780 3.89762 0.560201 smallDoses
11342 5.46361 1.20368 smallDoses
36109 3.36927 1.57504 didntLike
14292 5.23456 0.825954 smallDoses
11160 0 0.72217 smallDoses
23762 12.9791 0.504068 largeDoses
39567 5.37656 0.557476 didntLike
25647 13.5279 1.58673 largeDoses
14814 2.19689 0.784587 smallDoses
73590 10.6917 0.007509 didntLike
35187 1.65924 0.447066 didntLike
49459 8.36967 0.656697 largeDoses
31657 13.1572 0.143248 largeDoses
6259 8.19967 0.908508 smallDoses
33101 4.44167 0.439381 largeDoses
27107 9.84649 0.644523 largeDoses
17824 0.01954 0.977949 smallDoses
43536 8.25377 0.7487 largeDoses
67705 6.03862 1.50965 didntLike
35283 6.09159 1.69464 largeDoses
71308 8.98682 1.22517 didntLike
31054 11.5085 1.6243 largeDoses
52387 8.80773 0.713922 largeDoses
40328 0 0.816676 didntLike
34844 8.8892 1.66541 largeDoses
11607 3.17812 0.542752 smallDoses
64306 7.0138 0.139909 didntLike
32721 9.60501 0.065254 largeDoses
33170 1.23054 1.33167 didntLike
37192 10.4128 0.890803 largeDoses
13089 0 0.567161 smallDoses
66491 9.69999 0.122011 didntLike
15941 0 0.061191 smallDoses
4272 4.45529 0.272135 smallDoses
48812 3.02098 1.5028 didntLike
28818 8.09928 0.216317 largeDoses
35394 1.15776 1.60322 didntLike
71791 10.1054 0.121067 didntLike
40668 11.2301 0.408603 largeDoses
39580 9.07006 0.011379 largeDoses
11786 0.56646 0.478837 smallDoses
19251 0 0.4873 smallDoses
56594 8.95637 1.19348 largeDoses
54495 1.52306 0.620528 didntLike
11844 2.74901 0.169855 smallDoses
45465 9.23539 0.18835 largeDoses
31033 10.5556 0.403927 largeDoses
16633 6.95637 1.51931 smallDoses
13887 0.636281 1.27398 smallDoses
52603 3.57474 0.075163 didntLike
72000 9.03249 1.46181 didntLike
68497 5.95899 0.023012 didntLike
35135 2.4353 1.21174 didntLike
26397 10.5397 1.63825 largeDoses
7313 7.6467 0.056513 smallDoses
91273 20.9193 0.644571 didntLike
24743 1.42473 0.838447 didntLike
31690 6.74866 0.890223 largeDoses
15432 2.28917 0.114881 smallDoses
58394 5.54838 0.402238 didntLike
33962 6.05723 0.432666 didntLike
31442 10.8286 0.559955 largeDoses
31044 11.3182 0.271094 largeDoses
29938 13.2653 0.633903 largeDoses
9875 0 1.49672 smallDoses
51542 6.51713 0.402519 largeDoses
11878 4.93437 1.52003 smallDoses
69241 10.1517 0.896433 didntLike
37776 2.42578 1.55947 didntLike
68997 9.77896 1.1955 didntLike
67416 12.22 0.657677 didntLike
59225 7.39415 0.954434 didntLike
29138 8.51853 0.742546 largeDoses
5962 2.7987 0.662632 smallDoses
10847 0.63793 0.617373 smallDoses
70527 10.7505 0.097415 didntLike
9610 0.625382 0.140969 smallDoses
64734 10.028 0.282787 didntLike
25941 9.81735 0.364197 largeDoses
2763 0.646828 1.26607 smallDoses
55601 3.34711 0.914294 didntLike
31128 11.8169 0.193798 largeDoses
5181 0 1.4802 smallDoses
69982 10.9457 0.993219 didntLike
52440 10.2447 0.280539 largeDoses
57350 2.5798 1.14917 didntLike
57869 2.63041 0.098869 didntLike
56557 11.7462 1.69552 largeDoses
42342 8.10423 1.32628 largeDoses
15560 12.4097 0.790295 largeDoses
34826 12.1678 1.32809 largeDoses
8569 3.19841 0.299287 smallDoses
77623 16.0555 0.541052 didntLike
78184 7.13866 0.158481 didntLike
7036 4.83104 0.761419 smallDoses
69616 10.0829 1.37361 didntLike
21546 10.0669 0.78847 largeDoses
36715 8.12954 0.329913 largeDoses
20522 3.01246 1.13811 smallDoses
42349 3.72039 0.845974 didntLike
9037 0.773493 1.14826 smallDoses
26728 10.9629 1.03732 largeDoses
587 0.177621 0.162614 smallDoses
48915 3.08585 0.967899 didntLike
9824 8.42678 0.202558 smallDoses
4135 1.82593 1.12835 smallDoses
9666 2.18515 1.01017 smallDoses
59333 7.18459 1.26134 didntLike
36198 0 0.116525 didntLike
34909 8.90175 1.03353 largeDoses
47516 2.4515 1.35879 didntLike
55807 3.21363 0.432044 didntLike
14036 3.97474 0.723929 smallDoses
42856 9.60131 0.619232 largeDoses
64007 8.3639 0.445341 didntLike
59428 6.38148 1.36502 didntLike
13730 0 1.40391 smallDoses
41740 9.60984 1.4381 largeDoses
63546 9.90474 0.985862 didntLike
30417 7.18581 1.4891 largeDoses
69636 5.4667 1.21657 didntLike
64660 0 0.915898 didntLike
14883 4.57544 0.535671 smallDoses
7965 3.27708 1.01087 smallDoses
68620 10.2466 1.23963 didntLike
8738 2.34173 1.06024 smallDoses
7544 3.20105 0.498843 smallDoses
6377 6.06601 0.120927 smallDoses
36842 8.82938 0.895657 largeDoses
81046 15.833 1.56824 didntLike
67736 13.5167 1.22015 didntLike
32492 0.664284 1.11675 didntLike
39299 6.32514 0.605109 largeDoses
77289 8.6775 0.344373 didntLike
33835 8.18801 0.964896 largeDoses
71890 9.41426 0.38403 didntLike
32054 9.19655 1.13825 largeDoses
38579 10.203 0.452363 largeDoses
55984 2.11944 1.48166 didntLike
72694 13.6351 0.858314 didntLike
42299 0.083443 0.701669 didntLike
26635 9.1491 1.05145 largeDoses
8579 1.9338 1.37439 smallDoses
37302 14.1155 0.676198 largeDoses
22878 8.93374 0.943352 largeDoses
4364 2.66125 0.946117 smallDoses
4985 0.988432 1.30503 smallDoses
37068 2.06374 1.12595 didntLike
41137 2.22059 0.690754 didntLike
67759 6.42485 0.806641 didntLike
11831 1.15615 1.61367 smallDoses
34502 3.03272 0.601847 didntLike
4088 3.07683 0.952089 smallDoses
15199 0 0.318105 smallDoses
17309 7.75048 0.554015 largeDoses
42816 10.9581 1.4825 largeDoses
43751 10.222 0.488678 largeDoses
58335 2.36799 0.435741 didntLike
75039 7.68605 1.38146 didntLike
42878 11.4649 1.48159 largeDoses
42770 11.0757 0.089726 largeDoses
8848 3.54399 0.345853 smallDoses
31340 8.12389 1.28288 largeDoses
41413 4.33177 0.754467 largeDoses
12731 0.120865 1.21196 smallDoses
22447 6.11611 0.701523 largeDoses
33564 7.47453 0.50579 largeDoses
48907 8.81945 0.649292 largeDoses
8762 6.80214 0.615284 smallDoses
46696 12.6663 0.93196 largeDoses
36851 8.63618 0.399333 largeDoses
67639 11.731 1.28983 didntLike
171 8.13245 0.039062 smallDoses
26674 10.2966 1.49614 largeDoses
8739 7.58391 1.00576 smallDoses
66668 9.77781 0.496377 didntLike
68732 8.83355 0.513876 didntLike
69995 4.9079 1.51804 didntLike
82008 8.36274 1.28594 didntLike
25054 9.08473 1.60631 largeDoses
33085 14.1641 0.56097 largeDoses
41379 9.08068 0.98992 largeDoses
39417 6.52277 0.038548 largeDoses
12556 3.69034 0.462281 smallDoses
39432 3.56371 0.242019 didntLike
38010 1.06587 1.14157 didntLike
69306 6.6838 1.45632 didntLike
38000 1.71287 0.243945 didntLike
46321 13.1099 1.28011 largeDoses
66293 11.3279 0.780977 didntLike
22730 4.54571 1.23325 didntLike
5952 3.36789 0.468104 smallDoses
72308 8.32622 0.567347 didntLike
60338 8.97834 1.44203 didntLike
13301 5.65583 1.58216 smallDoses
27884 8.85531 0.570684 largeDoses
11188 6.64957 0.544233 smallDoses
56796 3.96632 0.85041 didntLike
8571 1.92405 1.66478 smallDoses
4914 6.00481 0.280369 smallDoses
10784 0 0.375849 smallDoses
39296 9.92302 0.092192 largeDoses
13113 2.38908 0.119284 smallDoses
70204 13.6632 0.133251 didntLike
46813 11.435 0.321216 largeDoses
11697 0.35827 1.29286 smallDoses
44183 9.59887 0.223524 largeDoses
2225 6.37528 0.60804 smallDoses
29066 11.5805 0.458401 largeDoses
4245 5.31932 1.59807 smallDoses
34379 4.32403 1.60348 didntLike
44441 2.35837 1.2732 didntLike
2022 0 1.18271 smallDoses
26866 12.8244 0.890411 largeDoses
57070 1.58725 1.45698 didntLike
32932 8.51032 1.52068 largeDoses
51967 10.4289 1.18773 largeDoses
44432 8.34662 0.042318 largeDoses
67066 7.54144 0.809226 didntLike
17262 2.54095 1.58329 smallDoses
79728 9.47305 0.692513 didntLike
14259 0.352284 0.47408 smallDoses
6122 0 0.589826 smallDoses
76879 12.4052 0.567201 didntLike
11426 4.12678 0.871452 smallDoses
2493 0.034087 0.335848 smallDoses
19910 1.17763 0.075106 smallDoses
10939 0 0.479996 smallDoses
17716 0.994909 0.611135 smallDoses
31390 11.0537 1.18012 largeDoses
20375 0 1.67973 smallDoses
26309 2.49501 1.45959 didntLike
33484 11.5168 0.001156 largeDoses
45944 9.21321 0.797743 largeDoses
4249 5.33286 0.109288 smallDoses
6089 0 1.68977 smallDoses
7513 0 1.12605 smallDoses
27862 12.6401 1.6909 largeDoses
39038 2.69314 1.31752 didntLike
19218 3.32897 0.268271 smallDoses
62911 7.19317 1.11746 didntLike
77758 6.61551 1.52101 didntLike
27940 8.00057 0.835341 largeDoses
2194 4.01754 0.512104 smallDoses
37072 13.2459 0.927465 largeDoses
15585 5.97062 0.813624 smallDoses
25577 11.6687 0.886902 largeDoses
8777 4.28324 1.27273 smallDoses
29016 10.743 0.971401 largeDoses
21910 12.3267 1.59261 largeDoses
12916 0 0.344622 smallDoses
10976 0 0.922846 smallDoses
79065 10.6021 0.573686 didntLike
36759 10.8619 1.15505 largeDoses
50011 1.22909 1.63869 didntLike
1155 0.410392 1.3134 smallDoses
71600 14.5527 0.616162 didntLike
30817 14.178 0.616313 largeDoses
54559 14.1363 0.362388 didntLike
29764 0.093534 1.20719 didntLike
69100 10.929 0.40311 didntLike
47324 11.4329 0.825959 largeDoses
73199 9.13453 0.586846 didntLike
44461 5.07143 1.42142 didntLike
45617 11.4603 1.54175 largeDoses
28221 11.62 1.10355 largeDoses
7091 4.02208 0.207307 smallDoses
6110 3.05784 1.63126 smallDoses
79016 7.78217 0.404385 didntLike
18289 7.98174 0.929789 largeDoses
43679 4.60136 0.268326 didntLike
22075 2.59556 1.11538 didntLike
23535 10.0491 0.391045 largeDoses
25301 3.26544 1.57297 smallDoses
32256 11.7803 1.51101 largeDoses
36951 3.07598 0.286284 didntLike
31290 1.79531 0.194343 didntLike
38953 11.107 0.202415 largeDoses
35257 5.99441 0.800021 didntLike
25847 9.70606 1.01218 largeDoses
32680 10.583 0.836025 largeDoses
62018 7.03827 1.45898 didntLike
9074 0.023771 0.015314 smallDoses
33004 12.824 0.676371 largeDoses
44588 3.61777 0.493483 didntLike
32565 8.34668 0.253317 largeDoses
38563 6.10432 0.099207 didntLike
75668 16.2078 0.584973 didntLike
9069 6.40197 1.69187 smallDoses
53395 2.2987 0.559757 didntLike
28631 7.66151 0.055981 largeDoses
71036 6.35361 1.6453 didntLike
71142 10.4428 0.33587 didntLike
37653 3.83451 1.34612 didntLike
76839 10.9986 0.584555 didntLike
9916 2.69593 1.51211 smallDoses
38889 3.35665 0.32423 didntLike
39075 14.6778 0.793183 largeDoses
48071 1.55193 0.130902 didntLike
7275 2.46474 0.223502 smallDoses
41804 1.53322 1.00748 didntLike
35665 12.4739 0.16291 largeDoses
67956 6.4916 0.032576 didntLike
41892 10.5063 1.51075 largeDoses
38844 4.38039 0.748506 didntLike
74197 13.671 1.68794 didntLike
14201 8.3176 0.390409 smallDoses
3908 0 0.556245 smallDoses
2459 0 0.290218 smallDoses
32027 10.0958 1.18815 largeDoses
12870 0.860695 1.48263 smallDoses
9880 1.55756 0.711278 smallDoses
72784 10.0728 0.75603 didntLike
17521 0 0.431468 smallDoses
50283 7.14082 0.883813 largeDoses
33536 11.3845 1.43831 largeDoses
9452 3.21457 1.08354 smallDoses
37457 11.7207 0.301636 largeDoses
17724 6.37448 1.47592 largeDoses
43869 5.74968 0.198875 largeDoses
264 3.87181 0.552602 smallDoses
25736 8.33631 0.636238 largeDoses
39584 9.71044 1.50374 largeDoses
31246 1.53261 1.4339 didntLike
49567 9.78579 0.984614 largeDoses
7052 2.63363 1.09787 smallDoses
35493 9.23893 0.494701 largeDoses
10986 1.20566 1.3988 smallDoses
49508 3.12491 1.67012 didntLike
5734 7.93549 1.58504 smallDoses
65479 12.7466 1.56035 didntLike
77268 10.7326 0.545321 didntLike
28490 3.9774 0.766103 didntLike
13546 4.19443 0.450663 smallDoses
37166 9.61029 0.142912 largeDoses
16381 4.79756 1.26046 smallDoses
10848 1.61528 0.093002 smallDoses
35405 4.61477 1.0271 didntLike
15917 0 1.36973 smallDoses
6131 0.608457 0.51222 smallDoses
67432 6.55824 0.667579 didntLike
30354 12.3151 0.197068 largeDoses
69696 7.01497 1.49462 didntLike
33481 8.8223 1.19418 largeDoses
43075 10.0868 0.570455 largeDoses
38343 7.24161 1.66163 largeDoses
14318 4.60239 1.51177 smallDoses
5367 7.43492 0.079792 smallDoses
37894 10.4676 1.59542 largeDoses
36172 9.94813 0.003663 largeDoses
40123 2.47853 1.56899 didntLike
10976 5.93855 0.87854 smallDoses
12705 0 0.948004 smallDoses
12495 5.55918 1.35793 smallDoses
35681 9.77665 0.535966 largeDoses
46202 3.09206 0.490906 didntLike
11505 0 1.62331 smallDoses
22834 4.4595 0.538867 didntLike
49901 8.33431 1.6466 largeDoses
71932 11.2267 0.384686 didntLike
13279 3.90474 1.59729 smallDoses
49112 7.0382 1.21133 largeDoses
77129 9.83612 1.05434 didntLike
37447 1.99098 0.378081 didntLike
62397 9.0053 0.485385 didntLike
0 1.77251 1.03987 smallDoses
15476 0.458674 0.81956 smallDoses
40625 10.0039 0.231658 largeDoses
36706 0.520807 1.47601 didntLike
28580 10.6782 1.43184 largeDoses
25862 4.42599 1.36384 didntLike
63488 12.0354 0.831222 didntLike
33944 10.6067 1.25386 largeDoses
30099 1.56865 0.684264 didntLike
13725 2.54543 0.024271 smallDoses
36768 10.2641 0.982593 largeDoses
64656 9.86628 0.685218 didntLike
14927 0.142704 0.057455 smallDoses
43231 9.85327 1.52143 largeDoses
66087 6.5966 1.65357 didntLike
19806 2.60229 1.32148 smallDoses
41081 10.4118 0.664168 largeDoses
10277 7.08345 0.622589 smallDoses
7014 2.08007 1.25444 smallDoses
17275 0.522844 1.62246 smallDoses
31600 10.362 1.54483 largeDoses
59956 3.41297 1.03541 didntLike
42181 6.79655 1.11215 largeDoses
51743 4.09204 0.075804 didntLike
5194 2.76381 1.56432 smallDoses
30832 12.5474 1.40244 largeDoses
7976 5.70805 1.59615 smallDoses
14602 4.55802 0.375806 smallDoses
41571 11.6423 0.438553 largeDoses
55028 3.22244 0.121399 didntLike
5837 4.73616 0.029871 smallDoses
39808 10.8395 0.836323 largeDoses
20944 4.19479 0.235483 smallDoses
22146 14.9363 0.888582 largeDoses
42169 3.3107 1.52185 didntLike
7010 2.97193 0.034321 smallDoses
3807 9.26167 0.537807 smallDoses
29241 7.79183 1.11142 largeDoses
52696 1.48047 1.02875 didntLike
42545 3.67729 0.244167 didntLike
24437 2.20297 1.3704 didntLike
16037 5.79673 0.935893 smallDoses
8493 3.06333 0.144089 smallDoses
68080 11.2331 0.492487 didntLike
59016 1.96557 0.005697 didntLike
11810 8.61672 0.137419 smallDoses
68630 6.60999 1.0835 didntLike
7629 1.71264 1.0863 smallDoses
71992 10.1174 1.29932 didntLike
13398 0 1.10418 smallDoses
26241 9.82478 1.34682 largeDoses
11160 1.65309 0.980949 smallDoses
76701 18.1788 1.47367 didntLike
32174 6.78113 0.88534 largeDoses
45043 8.20675 1.54922 largeDoses
42173 10.0819 1.37675 largeDoses
69801 6.28874 0.112799 didntLike
41737 3.69594 1.54359 didntLike
46979 6.72615 1.06938 largeDoses
79267 12.97 1.56822 didntLike
4615 2.66139 1.53193 smallDoses
32907 7.07276 1.11739 largeDoses
37444 9.12337 1.31899 largeDoses
569 3.74395 1.03955 smallDoses
8723 2.3413 0.219361 smallDoses
6024 0.541913 0.592348 smallDoses
52252 2.31083 1.43675 didntLike
8358 6.2266 1.42732 smallDoses
26166 7.27788 0.489252 largeDoses
18471 0 0.389459 smallDoses
3386 7.21822 1.09883 smallDoses
41544 8.77713 1.11146 largeDoses
10480 2.81343 0.819419 smallDoses
5894 2.26877 1.41213 smallDoses
7273 6.28363 0.571292 smallDoses
22272 7.52008 1.62687 largeDoses
31369 11.7392 0.027138 largeDoses
10708 3.74688 0.87735 smallDoses
69364 12.0898 0.521631 didntLike
37760 12.3104 0.259339 largeDoses
13004 0 0.671355 smallDoses
37885 2.7288 0.331502 didntLike
52555 10.8143 0.607652 largeDoses
38997 12.1703 0.844205 largeDoses
69698 6.69837 0.240084 didntLike
11783 3.63267 1.64348 smallDoses
47636 10.06 0.892361 largeDoses
15744 1.88767 0.756162 smallDoses
69058 8.22912 0.195886 didntLike
33057 7.81708 0.476102 largeDoses
28681 12.2772 0.076805 largeDoses
34042 10.0553 1.11578 largeDoses
29928 3.596 1.48595 didntLike
9734 2.75553 1.42066 smallDoses
7344 7.78099 0.513048 smallDoses
7387 0.093705 0.391834 smallDoses
33957 8.48157 0.520078 largeDoses
9936 3.86558 0.110062 smallDoses
36094 9.68371 0.779984 largeDoses
39835 10.6173 1.35997 largeDoses
64486 7.20322 1.62476 didntLike
0 7.60141 1.21561 smallDoses
39539 1.38611 1.41707 didntLike
66972 9.12925 0.594089 didntLike
15029 1.36345 0.620841 smallDoses
44909 3.1814 0.359329 didntLike
38183 13.3654 0.217011 largeDoses
37372 4.20772 1.28977 didntLike
0 4.0884 0.870075 smallDoses
17786 3.32737 1.14251 smallDoses
39055 1.30332 1.23565 didntLike
37045 7.99928 1.58176 largeDoses
6435 2.21749 0.864536 smallDoses
72265 7.75181 0.192451 didntLike
28152 14.1493 1.59153 largeDoses
25931 8.76572 0.152808 largeDoses
7538 3.409 0.184896 smallDoses
1315 1.25102 0.11234 smallDoses
12292 6.16062 1.53716 smallDoses
49248 1.03454 1.58516 didntLike
9025 0 1.03463 smallDoses
13438 2.35505 0.542603 smallDoses
69683 6.61454 0.153771 didntLike
25374 10.2451 1.4509 largeDoses
55264 3.46707 1.23102 didntLike
38324 7.48768 1.57229 largeDoses
69643 4.62411 1.18519 didntLike
44058 8.99596 1.43648 largeDoses
41316 11.5645 0.007195 largeDoses
29119 3.44095 0.078331 didntLike
51656 1.6736 0.732746 didntLike
3030 4.71934 0.699755 smallDoses
35695 10.3048 1.57649 largeDoses
1537 2.08691 1.19931 smallDoses
9083 6.33822 1.13131 smallDoses
47744 8.25493 0.710694 largeDoses
71372 16.0671 0.974142 didntLike
37980 1.7232 0.310488 didntLike
42385 3.78505 0.876904 didntLike
22687 2.55756 0.123738 didntLike
39512 9.85222 1.09517 largeDoses
11885 3.67915 1.5572 smallDoses
4944 9.78968 0.852971 smallDoses
73230 14.959 0.526707 didntLike
17585 11.1821 1.28846 largeDoses
68737 7.52853 1.65749 didntLike
13818 5.2538 1.3786 smallDoses
31662 13.9468 1.42666 largeDoses
86686 15.5573 1.43003 didntLike
43214 12.4835 0.688513 largeDoses
24091 2.3173 1.41114 didntLike
52544 10.0697 0.766119 largeDoses
61861 5.79223 1.61548 didntLike
47903 4.13844 0.475994 didntLike
37190 12.9295 0.304378 largeDoses
6013 9.37824 0.307392 smallDoses
27223 8.36136 1.6432 largeDoses
69027 7.93941 1.32504 didntLike
78642 10.7354 0.705788 didntLike
30254 11.5927 0.286188 largeDoses
21704 10.0984 0.704748 largeDoses
34985 9.29903 0.545337 largeDoses
31316 11.1583 0.218067 largeDoses
76368 16.1439 0.558388 didntLike
27953 10.9717 1.22179 largeDoses
152 0 0.681478 smallDoses
9146 3.17896 1.29269 smallDoses
75346 17.6254 0.339926 didntLike
26376 1.99583 0.267826 didntLike
35255 10.6405 0.416181 largeDoses
19198 9.62834 0.985462 largeDoses
12518 4.66266 0.495403 smallDoses
25453 5.75405 1.38274 smallDoses
12530 0 0.037146 smallDoses
62230 9.33433 0.198118 didntLike
9517 3.84616 0.619968 smallDoses
71161 10.6851 0.678179 didntLike
1593 4.75213 0.359205 smallDoses
33794 0.69763 0.966786 didntLike
39710 10.3658 0.505898 largeDoses
16941 0.461478 0.352865 smallDoses
69209 11.3395 1.06874 didntLike
4446 5.42028 0.12731 smallDoses
9347 3.46996 1.61995 smallDoses
55635 8.51707 0.994858 largeDoses
65889 8.30651 0.41369 didntLike
10753 2.62869 0.44432 smallDoses
7055 0 0.802985 smallDoses
7905 0 1.1704 smallDoses
53447 7.29877 1.58235 largeDoses
9194 7.33132 1.27799 smallDoses
61914 9.39227 0.151617 didntLike
15630 5.5412 1.1806 smallDoses
79194 15.1495 0.53754 didntLike
12268 5.51519 0.250562 smallDoses
33682 7.7289 0.920494 largeDoses
26080 11.3188 1.51098 largeDoses
19119 3.57471 1.53151 smallDoses
30902 7.35097 0.026332 largeDoses
63039 7.12236 1.63018 didntLike
51136 1.82841 1.0137 didntLike
35262 10.118 1.15686 largeDoses
42776 11.3099 0.086291 largeDoses
64191 8.34203 1.38857 didntLike
15436 0.241714 0.715577 smallDoses
14402 10.4826 1.69497 smallDoses
6341 9.28951 1.42888 smallDoses
14113 4.26942 0.134181 smallDoses
6390 0 0.189456 smallDoses
8794 0.817119 0.143668 smallDoses
43432 1.50839 0.652651 didntLike
38334 9.35992 0.052262 largeDoses
34068 10.0523 0.550423 largeDoses
30819 11.1117 0.989159 largeDoses
22239 11.266 0.724054 largeDoses
28725 10.3838 0.254836 largeDoses
57071 3.87857 1.37798 didntLike
72420 13.6792 0.025346 didntLike
28294 10.5268 0.781569 largeDoses
9896 0 0.924198 smallDoses
65821 4.10673 1.08567 didntLike
7645 8.11886 1.47069 smallDoses
71289 7.79687 0.052336 didntLike
5128 2.78967 1.09307 smallDoses
13711 6.22696 0.287251 smallDoses
22240 10.1695 1.6601 largeDoses
15092 0 1.37055 smallDoses
5017 7.51335 0.137348 smallDoses
10141 8.24079 0.099735 smallDoses
35570 14.6128 1.24739 largeDoses
46893 3.56298 0.445386 didntLike
8178 3.23048 1.3317 smallDoses
55783 3.61255 1.55191 didntLike
1148 0 0.332365 smallDoses
10062 3.9313 0.487577 smallDoses
74124 14.7523 1.15516 didntLike
66603 10.2619 1.62809 didntLike
11893 2.78727 1.5704 smallDoses
50908 15.1123 1.32413 largeDoses
39891 5.18455 0.223382 largeDoses
65915 3.86836 0.128078 didntLike
65678 3.50796 0.028904 didntLike
62996 11.0193 0.427554 didntLike
36851 3.81239 0.655245 didntLike
36669 11.0568 0.378725 largeDoses
38876 8.82688 1.00233 largeDoses
26878 11.1739 1.47824 largeDoses
46246 11.5065 0.421993 largeDoses
12761 7.79814 0.147917 largeDoses
35282 10.1551 1.37004 largeDoses
68306 10.6453 0.693453 didntLike
31262 9.6632 1.52154 largeDoses
34754 10.7904 1.31268 largeDoses
13408 2.81053 0.219962 smallDoses
30365 9.826 1.3885 largeDoses
10709 1.42132 0.677603 smallDoses
24332 11.1232 0.809107 largeDoses
45517 13.4022 0.661524 largeDoses
6178 1.21226 0.836807 smallDoses
10639 1.56845 1.29747 smallDoses
29613 3.34347 1.31227 didntLike
22392 5.40015 0.193494 didntLike
51126 3.81875 0.590905 didntLike
53644 7.97384 0.307364 largeDoses
51417 9.07882 0.734876 largeDoses
24859 0.153467 0.766619 didntLike
61732 8.32517 0.028479 didntLike
71128 7.09209 1.21673 didntLike
27276 5.19248 1.09441 largeDoses
30453 10.3408 1.08772 largeDoses
18670 2.07717 1.01978 smallDoses
70600 10.152 0.993105 didntLike
12683 0.046826 0.809614 smallDoses
81597 11.2219 1.39501 didntLike
69959 14.498 1.01925 didntLike
8124 3.55451 0.533462 smallDoses
18867 3.52267 0.086725 smallDoses
80886 14.5317 0.380172 didntLike
55895 3.02753 0.885457 didntLike
31587 1.84597 0.488985 didntLike
10591 10.2262 0.804403 largeDoses
70096 10.9659 1.21233 didntLike
53151 2.12992 1.47738 didntLike
11992 0 1.60685 smallDoses
33114 9.48901 0.827814 largeDoses
7413 0 1.0208 smallDoses
10583 0 1.27017 smallDoses
58668 6.55668 0.055183 didntLike
35018 9.95959 0.06002 largeDoses
70843 7.43606 1.47986 didntLike
14011 0.404888 0.459517 smallDoses
35015 9.95294 1.65028 largeDoses
70839 15.6003 0.021935 didntLike
3024 2.72385 0.387455 smallDoses
5526 0.513866 1.32345 smallDoses
5113 0 0.861859 smallDoses
20851 7.2806 1.43847 smallDoses
40999 9.16198 1.11018 largeDoses
15823 0.991725 0.730979 smallDoses
35432 7.39838 0.684218 largeDoses
53711 12.1497 1.38909 largeDoses
64371 9.14968 0.874905 didntLike
9289 9.66658 1.37033 smallDoses
60613 3.62011 0.287767 didntLike
18338 5.2388 1.25365 smallDoses
22845 14.7158 1.50376 largeDoses
74676 14.4457 1.21116 didntLike
34143 13.6095 0.36424 largeDoses
14153 3.14159 0.42428 smallDoses
9327 0 0.120947 smallDoses
18991 0.45475 1.03328 smallDoses
9193 0.51031 0.016395 smallDoses
2285 3.86417 0.616349 smallDoses
9493 6.72402 0.563044 smallDoses
2371 4.28937 0.012563 smallDoses
13963 0 1.43703 smallDoses
2299 3.73362 0.698269 smallDoses
5262 2.00259 1.38018 smallDoses
4659 2.50263 0.184223 smallDoses
17582 6.38213 0.876581 smallDoses
27750 8.54674 0.128706 largeDoses
9868 2.69498 0.432818 smallDoses
18333 3.95126 0.3333 smallDoses
3780 9.85618 0.329181 smallDoses
18190 2.06896 0.429927 smallDoses
11145 3.41063 0.631838 smallDoses
68846 9.97471 0.669787 didntLike
26575 10.6501 0.866627 largeDoses
48111 9.13453 0.728045 largeDoses
43757 7.8826 1.33245 largeDoses
